-20714290062156
-20702187028488
-2734714230037
-16586529715169
-145727190984912
31016585869988
-84422598848420
15004702089906
198308406309029
28942912661195
-18787837165198
15315301190523
174529125252817
21153801538579
-146011131795
-320283334989723
-68565442046175
-14844549368275
-133525462629913
-10310147993850
-151126528914965
-251600153927611
-48268621552592
-75132268822441
33704801179458
-79246723871049
24967991575131
16589114363873
170989827755188
126735125432461
42529161550254
171907580877300
138627635463
-66361414596639
-7293205533272
-42078152990064
97408144696753
23297240658480
135489832643200
109501854641723
81610000027533
58750941264726
375757827122215
102515336033867
-61499856578139
15796806719534
-80121333231974
77097850229102
-24715115006224
238998292724032
338107077139473
223561322163247
241171787969343
18832299185985
74550234576613
-157216281279975
-187234967650361
144745667295419
8617114925743
111404441019238
-176293934529716
1035107237384
-17302749775477
39344263643758
-6341108903310
-194168976946047
43445910391803
-38201146297506
-140430978677825
38623321636541
-9828386489585
-6247227507034
-1868203616400
-49800024400322
-6342574088884
-62891994604056
-36276171274557
-103009682564075
-11097148990056
-90646649304609
-242270398057600
-165100004550040
-210973660544198
26876785227371
-255203115307855
54733398566998
-31001167301229
19661605480920
-37917115461630
-97779279392049
-105201468916858
-1707743043222
-53797279292493
93796840055300
8524289309046
-115986311583538
-9769972776366
-257636264747520
-182028386450422
-10808616956040
-292975877098376
-146638267530392
20690456176967
-67148312842600
-71747142092788
-18304563288806
-201762408737614
-317858040687129
-227488064375823
-160725384677559
-10222220461260
-216690724200619
4406911778575
18359899100390
-13628008215768
-3334563903453
-23257306123135
62657060139652
2948496783168
-7238451314172
-66576330610893
-94064527307675
-5616107251201
114714694313436
34350594964495
-83509329283802
52410305713756
188209629002110
52684194088656
99849373099358
12706954948622
18152378698450
-56927593505132
-80247418893622
-61188774208029
-32763776948430
-398008707518527
12758977705680
14353849918890
109713581516270
25460438250560
-66069770783086
-59072493123702
-7920301404068
-136281277995909
17186072147475
548756399152
205432540798554
40538193046509
297753252859341
107984950017156
178125450167033
76144937186271
82809639601456
194104091050458
211004082031324
8443488234981
119725856661648
42653129049959
-9568280051306
-161013296959168
-328120429019215
-88192103291205
-65765861631025
-30342221783982
10337063378358
-107728599352892
36484970888734
-165301025970241
-241513242368774
-19127910440032
-137443541900585
21381381123895
-196358274523353
-36137717876910
-66633824723327
-121464778522953
124907497358501
-51447722225805
338957361761561
-273008701999509
-218779897889414
-52415957068347
-134508933953372
-33156630064818
-108683436372538
-19403905701548
-11620180615194
-175003489926380
-44569223476184
-176287042625423
-44716055955648
-185546334414685
-18375240526393
-9229330830067
-332537764692
-1665542457657
13523485219067
54582573477068
42608422957701
161655023750380
203649853153015
125429000738292
58778290417517
33960515949352
-2669737925154
-203631774850094
-118255599079700
-41008111701740
-119810869440694
-59656451857718
-21471082800880
2935215105212
19556008036744
85668744858714
152592732181649
13219763417320
97047679272609
357839312565
56706185170269
1175439412802
21842153050314
-50444193273498
146772810119
171823145693301
140500659841664
106092545630154
70405930059140
-40798786917964
72651643209840
1855223328373
-14432262364515
42189411097669
6747862942398
-4425660421548
-47573708298597
42860244738661
213812487696720
244102590120422
235407240992179
-379066772513034
-170193403676979
-172584266129791
-99391304650772
-59494540954465
-55780507029754
-67704078060041
-163940414007411
3106897218976
14753925411324
251844687684688
238325830082016
646725496392
-76109469689486
17172298271040
-12281476204914
-24815519169
-10772548244282
-55651671419790
-139087594217400
20718743100985
-6061836035488
-7105651472259
109905062155768
23610092740278
45956853790842
98069750082490
-31934765274399
147300842807838
52381674849429
78924930185178
97438363653520
37473416867986
-33372952814388
-130517094324015
-206055896073337
-160757425337609
-7275059050693
-76289372546039
-4923273078331
-14157543445740
231823002419974
161515276225027
203766522202460
-11829062917639
-23322416231520
-230978205157775
-354794714903573
-83534057488582
-9025718542760
3754393972786
102305499251548
53670499386496
29844240807049
-16423590002831
16173609627952
-121324570935093
88414999810380
26974067738760
196727442612222
399868246207640
-51447807725718
-2052788825354
-58454643492004
6532025115199
-40174902908104
-35282499607738
61626499770238
-56443732245981
-128914491521620
-223033768644383
-189701034714692
107754493889844
-125662010387529
-277817389736469
7320462207166
3756476873425
-27814942569936
662190958132
-4613697680132
115045445976094
